175,-180
148,-500
264,-212
392,-454
295,-410
391,-412
437,-495
160,-421
349,-160
498,-313
46,-186
150,-385
182,-162
333,-267
370,-311
150,-99
164,-219
133,-206
264,-333
300,-168
121,-42
341,-485
40,-57
349,-350
101,-24
173,-483
149,-491
86,-62
43,-14
294,-213
494,-141
171,-350
105,-108
64,-183
402,-218
307,-205
25,-155
483,-44
370,-11
399,-420
357,-293
260,-83
165,-424
287,-369
290,-109
432,-44
18,-473
499,-488
96,-494
53,-100
366,-156
138,-98
202,-359
244,-51
241,-7
6,-76
181,-419
74,-62
324,-178
245,-96
64,-122
455,-310
301,-150
334,-192
449,-193
402,-6
300,-357
13,-78
152,-22
460,-379
487,-102
428,-115
234,-13
265,-323
28,-286
258,-375
12,-388
92,-297
364,-435
275,-134
383,-29
295,-64
368,-380
218,-469
31,-81
210,-336
496,-77
172,-241
39,-143
2,-204
55,-326
115,-228
359,-171
245,-351
51,-2
313,-351
283,-34
198,-190
469,-157
149,-274
