-437,437
-5,77
-76,289
-64,353
-499,102
-133,472
-140,107
-420,291
-53,236
-402,295
-125,238
-370,237
-252,406
-498,159
-252,96
-203,258
-320,5
-259,181
-373,62
-286,270
-414,473
-165,8
-431,199
-488,224
-23,461
-185,39
-429,335
-216,480
-208,221
-36,76
-470,370
-19,5
-428,298
-336,163
-475,180
-456,240
-395,333
-80,353
-171,2
-259,304
-310,289
-39,274
-358,317
-56,41
-130,255
-452,12
-473,445
-412,104
-269,479
-221,133
-246,139
-315,453
-264,463
-341,456
-360,487
-329,179
-145,307
-97,374
-124,48
-123,355
-329,45
-321,359
-414,364
-407,113
-428,192
-282,301
-449,48
-67,290
-16,417
-170,214
-118,371
-79,129
-392,326
-149,160
-329,225
-112,38
-357,99
0,291
-179,6
-50,309
-413,135
-135,100
-484,206
-490,298
-345,470
-11,291
-209,324
-478,12
-82,277
-61,442
-357,417
-212,367
-410,135
-10,433
-392,428
-179,413
-43,383
-133,281
-439,151
-49,79
