143,458
60,497
469,420
317,145
70,353
29,211
71,361
152,494
187,453
11,89
267,221
69,321
62,114
230,473
13,86
335,239
45,91
78,22
122,49
159,480
22,170
316,370
412,285
185,208
52,31
266,49
459,284
356,143
346,371
499,106
417,60
156,255
485,424
485,244
127,101
186,15
491,481
359,357
71,53
243,95
462,162
446,364
282,254
290,80
274,337
71,137
432,142
168,28
307,490
155,442
375,452
205,475
480,151
229,341
267,206
387,362
469,185
378,257
495,52
22,234
119,397
40,131
138,340
251,19
98,484
65,128
59,7
242,290
287,150
68,48
386,28
292,79
432,11
357,41
360,76
354,234
79,480
127,163
491,282
190,122
3,182
335,364
280,369
304,369
217,133
145,342
89,179
261,180
459,363
474,293
277,224
267,482
273,301
248,469
229,177
273,273
374,103
218,147
371,219
213,334
