-44,349
170,-218
41,-423
217,-129
114,437
-248,446
-388,499
-268,95
-240,86
-2,-405
56,-344
-58,-290
294,325
183,-203
-116,-332
214,-275
-401,451
-328,114
-404,-364
-426,399
-117,141
143,-402
246,103
-78,465
35,-462
173,-92
-489,429
225,187
262,428
-267,-228
-79,19
330,455
390,-128
469,-413
47,96
-182,309
79,455
96,-231
-348,421
-386,-169
335,490
-11,316
-67,-135
-117,302
167,-443
-360,-329
69,-370
-54,3
-239,193
464,-346
-35,404
88,-312
452,239
-28,303
-483,120
357,-356
5,304
-94,-477
-148,-144
-138,-385
28,-262
-283,-385
-118,-307
98,-329
296,107
-101,42
-77,-49
-387,-263
-81,-484
-119,204
-466,-371
413,216
32,-252
373,190
-23,486
-150,-145
104,64
-226,266
232,-114
-146,-16
313,61
-282,50
412,403
340,-250
-299,176
-357,294
60,347
-271,-418
290,-496
88,-115
132,-106
-46,32
-113,353
-95,211
156,-386
269,160
322,-450
184,-155
165,177
121,371
